  NLF 10s
  NLF 20s
  NLF 30s
  NLF 40s
  NLF 50s
  NLF 60s
2016 poses, 67.1 s
| n | t | hand | wristPeak_ms | armExt_ms | reach_cm | travel_cm | body_ms | forceN | oldPct | newPct |
|---|---|---|---|---|---|---|---|---|---|---|
| 1 | 0.47 | R | 2.39 | 0.2 | 54 | 23 | 1.15 | 778 | 3 | 65 |
| 2 | 0.6 | L | 2.53 | 0.25 | 48 | 60 | 2.63 | 1797 | 18 | 100 |
| 3 | 3.63 | L | 1.31 | 0.16 | 33 | 12 | 0.53 | 395 | - | 33 |
| 4 | 5.06 | L | 2.11 | 1.68 | 46 | 30 | 0.43 | 312 | 100 | 26 |
| 5 | 5.66 | L | 1.6 | 1.44 | 46 | 17 | 0.24 | 216 | - | 18 |
| 6 | 6.19 | L | 1.69 | 1.38 | 49 | 23 | 0.31 | 222 | - | 18 |
| 7 | 6.76 | L | 1.94 | 1.55 | 49 | 20 | 0.29 | 233 | - | 19 |
| 8 | 7.33 | L | 1.59 | 1.36 | 48 | 23 | 0.28 | 238 | - | 20 |
| 9 | 7.83 | L | 2.38 | 1.44 | 45 | 25 | 0.37 | 465 | 92 | 39 |
| 10 | 8.16 | L | 1.23 | 0.25 | 36 | 15 | 0.75 | 408 | - | 34 |
| 11 | 8.23 | R | 2.39 | 1.75 | 46 | 28 | 0.74 | 419 | 100 | 35 |
| 12 | 8.69 | L | 1.59 | 1.49 | 49 | 17 | 0.38 | 214 | - | 18 |
| 13 | 9.09 | L | 1.27 | -0.17 | 34 | 0 | 0.34 | 227 | - | 19 |
| 14 | 9.22 | R | 3.12 | 1.82 | 47 | 38 | 1.13 | 702 | 95 | 59 |
| 15 | 9.66 | L | 1.69 | 1.54 | 50 | 40 | 0.56 | 297 | - | 25 |
| 16 | 10.02 | L | 1.57 | -0.07 | 33 | 0 | 0.48 | 242 | - | 20 |
| 17 | 10.02 | R | 1.35 | 1.73 | 46 | 30 | 0.76 | 423 | 100 | 35 |
| 18 | 10.36 | R | 2.32 | 1.81 | 47 | 34 | 0.79 | 516 | - | 43 |
| 19 | 10.62 | L | 2.05 | 1.86 | 47 | 29 | 0.23 | 298 | 71 | 25 |
| 20 | 14.65 | L | 2.29 | 0.85 | 31 | 22 | 0.33 | 233 | - | 19 |
| 21 | 14.69 | R | 4.51 | 1.91 | 51 | 73 | 2.11 | 1315 | 100 | 100 |
| 22 | 15.95 | R | 3.41 | 1.84 | 49 | 50 | 1.42 | 624 | 100 | 52 |
| 23 | 15.98 | L | 1.24 | 0.78 | 33 | 19 | 0.46 | 246 | 8 | 20 |
| 24 | 17.02 | L | 2.78 | 0.58 | 28 | 21 | 0.21 | 207 | - | 17 |
| 25 | 17.08 | R | 4.31 | 1.74 | 47 | 69 | 1.54 | 1046 | 100 | 87 |
| 26 | 17.45 | R | 1.43 | 0.26 | 29 | 10 | 0.29 | 281 | - | 23 |
| 27 | 18.15 | L | 2.17 | 0.71 | 33 | 24 | 0.55 | 297 | 37 | 25 |
| 28 | 18.22 | R | 3.65 | 1.72 | 46 | 65 | 1.53 | 733 | 100 | 61 |
| 29 | 19.28 | L | 1.96 | 0.89 | 34 | 25 | 0.82 | 374 | 32 | 31 |
| 30 | 19.31 | R | 5.37 | 2.13 | 52 | 79 | 2.29 | 1380 | 100 | 100 |
| 31 | 19.61 | L | 1.29 | 0.49 | 27 | 13 | 0.62 | 219 | - | 18 |
| 32 | 20.25 | R | 1.3 | 0.12 | 27 | 28 | 0.65 | 398 | 100 | 33 |
| 33 | 20.38 | L | 1.42 | 0.77 | 33 | 31 | 0.66 | 256 | 8 | 21 |
| 34 | 20.78 | R | 2.87 | 1.36 | 48 | 84 | 1.87 | 1248 | - | 100 |
| 35 | 21.91 | L | 1.32 | 0.52 | 33 | 20 | 0.74 | 333 | 12 | 28 |
| 36 | 22.08 | R | 3.62 | 1.67 | 45 | 57 | 0.95 | 694 | 100 | 58 |
| 37 | 22.84 | L | 1.25 | 0.57 | 26 | 15 | 0.23 | 242 | - | 20 |
| 38 | 22.98 | R | 4.36 | 2.2 | 52 | 78 | 1.51 | 942 | 100 | 79 |
| 39 | 23.31 | L | 1.55 | 0.35 | 26 | 20 | 0.88 | 510 | - | 43 |
| 40 | 23.94 | L | 3.35 | 1.99 | 50 | 45 | 1.26 | 649 | 100 | 54 |
| 41 | 24.01 | R | 1.25 | 0.6 | 23 | 17 | 0.48 | 246 | - | 20 |
| 42 | 24.54 | L | 1.72 | 0.48 | 40 | 50 | 1.69 | 842 | 75 | 70 |
| 43 | 24.68 | R | 3.62 | 1.4 | 35 | 40 | 1.41 | 1176 | 100 | 98 |
| 44 | 24.98 | L | 2.21 | 1.66 | 52 | 62 | 1.52 | 493 | - | 41 |
| 45 | 30.67 | L | 1.56 | 0.31 | 22 | 15 | 0.75 | 356 | - | 30 |
| 46 | 30.8 | R | 8.12 | 1.79 | 51 | 52 | 1.28 | 868 | 71 | 72 |
| 47 | 31.17 | L | 1.51 | 0.69 | 28 | 18 | 0.04 | 76 | - | 6 |
| 48 | 31.3 | R | 1.57 | 0.24 | 28 | 18 | 0.9 | 426 | - | 36 |
| 49 | 31.7 | R | 1.55 | 0.25 | 23 | 9 | 0.01 | 52 | - | 4 |
| 50 | 31.87 | L | 1.76 | 0.2 | 21 | 16 | 1.01 | 561 | - | 47 |
| 51 | 32.13 | R | 8.09 | 1.63 | 48 | 32 | 0.53 | 432 | 82 | 36 |
| 52 | 32.33 | L | 3.3 | 1.7 | 37 | 31 | 0.37 | 487 | 61 | 41 |
| 53 | 32.5 | R | 1.86 | 0.35 | 31 | 24 | 0.39 | 366 | - | 31 |
| 54 | 32.73 | L | 1.28 | 0.36 | 23 | 20 | 0.4 | 172 | - | 14 |
| 55 | 32.87 | R | 1.75 | 0.06 | 24 | 14 | 0.38 | 380 | - | 32 |
| 56 | 33.2 | L | 2.39 | 0.35 | 24 | 19 | 1.18 | 714 | - | 59 |
| 57 | 33.33 | R | 7.59 | 1.68 | 48 | 27 | 0.17 | 412 | 46 | 34 |
| 58 | 33.53 | L | 3.1 | 1.49 | 38 | 33 | 0.28 | 287 | 100 | 24 |
| 59 | 33.7 | R | 1.39 | -0.03 | 27 | 0 | 0.42 | 125 | - | 10 |
| 60 | 33.87 | L | 1.37 | 0.51 | 25 | 27 | 0.19 | 226 | - | 19 |
| 61 | 34.37 | L | 3.12 | 1.29 | 48 | 56 | 0.29 | 400 | 100 | 33 |
| 62 | 34.4 | R | 1.39 | 0.38 | 27 | 13 | 0.27 | 152 | - | 13 |
| 63 | 34.73 | L | 3.42 | 1.11 | 51 | 57 | 0.52 | 581 | - | 48 |
| 64 | 34.83 | R | 1.99 | 0.6 | 20 | 14 | 0.36 | 339 | - | 28 |
| 65 | 35.07 | L | 1.6 | -0.03 | 26 | 5 | 0.41 | 173 | - | 14 |
| 66 | 35.36 | R | 8.11 | 1.85 | 54 | 58 | 0.49 | 603 | 47 | 50 |
| 67 | 35.46 | L | 1.58 | 0.25 | 23 | 30 | 0.71 | 473 | 100 | 39 |
| 68 | 35.7 | R | 2.92 | 0.46 | 34 | 24 | 0.77 | 399 | 100 | 33 |
| 69 | 35.93 | L | 8.38 | 1.41 | 42 | 43 | 0.15 | 485 | 100 | 40 |
| 70 | 36.1 | R | 3.23 | 1.2 | 33 | 36 | 0.24 | 336 | - | 28 |
| 71 | 36.33 | L | 2.62 | 0.13 | 24 | 33 | 1.87 | 601 | - | 50 |
| 72 | 36.6 | R | 7.51 | 1.7 | 47 | 56 | 0.86 | 694 | 90 | 58 |
| 73 | 36.7 | L | 2.83 | 0.59 | 41 | 54 | 0.38 | 424 | 100 | 35 |
| 74 | 37.0 | R | 3.08 | 0.56 | 31 | 17 | 0.97 | 475 | 71 | 40 |
| 75 | 37.13 | L | 8.73 | 1.54 | 46 | 52 | 0.4 | 703 | 100 | 59 |
| 76 | 37.36 | R | 1.99 | 0.53 | 38 | 21 | 0.37 | 364 | 100 | 30 |
| 77 | 37.46 | L | 2.47 | 0.48 | 28 | 27 | 1.92 | 755 | - | 63 |
| 78 | 37.73 | R | 7.33 | 1.57 | 48 | 60 | 1.14 | 773 | 100 | 64 |
| 79 | 37.8 | L | 3.36 | 0.48 | 28 | 27 | 1.92 | 755 | 17 | 63 |
| 80 | 38.13 | R | 3.13 | 0.46 | 31 | 16 | 0.78 | 309 | - | 26 |
| 81 | 38.26 | L | 8.41 | 1.01 | 45 | 56 | 0.29 | 640 | - | 53 |
| 82 | 38.5 | R | 2.71 | 1.17 | 28 | 18 | 0.07 | 114 | - | 10 |
| 83 | 39.79 | R | 1.57 | 0.79 | 35 | 14 | 0.47 | 393 | 33 | 33 |
| 84 | 39.83 | L | 1.33 | 0.61 | 33 | 13 | 0.46 | 240 | 66 | 20 |
| 85 | 43.69 | L | 2.48 | 1.22 | 36 | 47 | 0.91 | 703 | 95 | 59 |
| 86 | 43.69 | R | 1.52 | 0.48 | 30 | 14 | 0.54 | 431 | - | 36 |
| 87 | 44.16 | L | 2.38 | 1.22 | 47 | 30 | 0.6 | 548 | 86 | 46 |
| 88 | 44.16 | R | 2.14 | 2.08 | 52 | 117 | 1.94 | 1392 | - | 100 |
| 89 | 44.52 | L | 1.73 | 0.03 | 25 | 12 | 0.99 | 547 | - | 46 |
| 90 | 44.66 | R | 1.48 | 0.04 | 28 | 14 | 1.21 | 745 | - | 62 |
| 91 | 45.69 | L | 3.72 | 1.85 | 48 | 57 | 1.32 | 1094 | 100 | 91 |
| 92 | 45.72 | R | 3.99 | 1.96 | 41 | 37 | 0.17 | 307 | 100 | 26 |
| 93 | 46.05 | L | 2.72 | 0.13 | 28 | 6 | 0.78 | 576 | - | 48 |
| 94 | 46.12 | R | 2.22 | 2.06 | 50 | 93 | 1.61 | 894 | 71 | 74 |
| 95 | 46.59 | L | 1.47 | 0.03 | 23 | 12 | 0.46 | 227 | - | 19 |
| 96 | 46.72 | R | 1.66 | -0.09 | 23 | 0 | 0.89 | 511 | - | 43 |
| 97 | 47.09 | L | 2.63 | 1.56 | 44 | 37 | 0.64 | 612 | 70 | 51 |
| 98 | 47.12 | R | 1.66 | 0.77 | 36 | 31 | 0.12 | 297 | 100 | 25 |
| 99 | 47.42 | L | 1.39 | 0.15 | 27 | 8 | 0.31 | 68 | - | 6 |
| 100 | 47.65 | R | 2.91 | 1.66 | 51 | 97 | 1.56 | 803 | 100 | 67 |
| 101 | 47.89 | L | 1.59 | -0.04 | 21 | 0 | 0.6 | 285 | - | 24 |
| 102 | 48.02 | R | 1.92 | 0.16 | 28 | 14 | 1.28 | 713 | - | 59 |
| 103 | 48.32 | L | 3.62 | 1.11 | 36 | 29 | 0.56 | 494 | 62 | 41 |
| 104 | 48.35 | R | 5.2 | 1.78 | 51 | 91 | 1.47 | 768 | 100 | 64 |
| 105 | 48.78 | R | 2.37 | -0.21 | 28 | 0 | 0.93 | 461 | - | 38 |
| 106 | 49.75 | L | 1.4 | 0.12 | 24 | 11 | 0.6 | 385 | - | 32 |
| 107 | 49.88 | R | 1.29 | 0.31 | 29 | 16 | 0.93 | 758 | - | 63 |
| 108 | 50.08 | L | 3.26 | 2.4 | 50 | 65 | 1.61 | 574 | 100 | 48 |
| 109 | 50.28 | R | 3.76 | 0.69 | 30 | 53 | 0.53 | 317 | - | 26 |
| 110 | 50.42 | L | 1.63 | 0.88 | 39 | 38 | 1.32 | 844 | 100 | 70 |
| 111 | 50.68 | R | 1.66 | 0.38 | 21 | 16 | 0.44 | 286 | - | 24 |
| 112 | 50.75 | L | 4.56 | 2.54 | 52 | 41 | 1.11 | 500 | - | 42 |
| 113 | 51.08 | R | 3.48 | 0.21 | 21 | 15 | 0.47 | 273 | - | 23 |
| 114 | 51.25 | L | 4.63 | 2.89 | 52 | 46 | 0.92 | 612 | 100 | 51 |
| 115 | 51.55 | R | 1.51 | 0.18 | 24 | 13 | 0.35 | 128 | - | 11 |
| 116 | 51.68 | L | 4.77 | 2.39 | 50 | 59 | 1.11 | 662 | 100 | 55 |
| 117 | 52.08 | L | 4.51 | 2.18 | 47 | 53 | 0.87 | 698 | 100 | 58 |
| 118 | 52.25 | R | 1.85 | 0.21 | 24 | 15 | 0.85 | 577 | - | 48 |
| 119 | 52.45 | L | 2.14 | 2.33 | 49 | 49 | 0.62 | 454 | 100 | 38 |
| 120 | 52.61 | R | 2.43 | 0.75 | 33 | 18 | 0.41 | 235 | 100 | 20 |
| 121 | 52.85 | L | 4.17 | 1.63 | 42 | 30 | 0.12 | 307 | - | 26 |
| 122 | 53.01 | R | 2.68 | 2.05 | 54 | 90 | 1.61 | 777 | 100 | 65 |
| 123 | 53.35 | R | 2.34 | -0.36 | 44 | 39 | 1.33 | 914 | - | 76 |
| 124 | 53.48 | L | 1.42 | -0.01 | 27 | 1 | 0.42 | 185 | - | 15 |
| 125 | 54.85 | L | 1.24 | 0.49 | 33 | 17 | 0.19 | 148 | 28 | 12 |
| 126 | 58.04 | R | 1.6 | 1.07 | 40 | 37 | 0.32 | 194 | 49 | 16 |
| 127 | 58.74 | L | 2.17 | 0.16 | 26 | 21 | 1.76 | 1207 | - | 100 |
| 128 | 58.74 | R | 1.28 | 2.27 | 53 | 13 | 0.08 | 44 | 100 | 4 |
| 129 | 59.11 | R | 2.47 | 1.78 | 53 | 27 | 0.0 | 129 | - | 11 |
| 130 | 59.24 | L | 1.74 | 0.15 | 24 | 13 | 1.23 | 837 | - | 70 |
| 131 | 59.47 | R | 1.86 | 1.93 | 52 | 15 | 0.0 | 46 | - | 4 |
| 132 | 59.81 | L | 1.28 | 0.26 | 25 | 11 | 1.06 | 694 | - | 58 |
| 133 | 59.81 | R | 1.67 | 1.94 | 52 | 18 | 0.01 | 88 | - | 7 |
| 134 | 60.17 | L | 1.31 | 0.24 | 25 | 12 | 1.12 | 767 | - | 64 |
| 135 | 60.17 | R | 1.53 | 2.02 | 55 | 31 | 0.0 | 75 | - | 6 |
| 136 | 60.61 | R | 1.98 | 2.0 | 51 | 19 | 0.02 | 105 | - | 9 |
| 137 | 60.71 | L | 1.21 | 0.12 | 25 | 4 | 0.74 | 447 | - | 37 |
| 138 | 61.04 | L | 1.71 | 0.11 | 24 | 16 | 1.65 | 1117 | - | 93 |
| 139 | 61.04 | R | 1.79 | 2.04 | 56 | 20 | 0.0 | 74 | - | 6 |
| 140 | 61.37 | R | 2.4 | 2.2 | 56 | 24 | 0.0 | 111 | - | 9 |
| 141 | 61.41 | L | 1.62 | 0.12 | 25 | 12 | 1.13 | 722 | - | 60 |
| 142 | 61.74 | R | 2.63 | 2.11 | 56 | 24 | 0.07 | 130 | - | 11 |
| 143 | 62.54 | L | 2.48 | 1.96 | 50 | 32 | 0.81 | 283 | 100 | 24 |
| 144 | 62.7 | R | 1.42 | 0.43 | 23 | 5 | 0.0 | 28 | 100 | 2 |
| 145 | 63.04 | R | 2.7 | 1.69 | 40 | 34 | 0.85 | 718 | 100 | 60 |
| 146 | 63.14 | L | 1.5 | 0.66 | 45 | 12 | 0.04 | 18 | - | 2 |
| 147 | 63.54 | L | 1.44 | 1.13 | 45 | 11 | 0.0 | 36 | - | 3 |
| 148 | 63.64 | R | 1.53 | 0.2 | 25 | 7 | 0.82 | 441 | - | 37 |
| 149 | 63.87 | L | 1.8 | 1.53 | 53 | 16 | 0.0 | 63 | - | 5 |
| 150 | 64.24 | L | 2.03 | 1.62 | 54 | 21 | 0.0 | 80 | - | 7 |
| 151 | 64.5 | R | 1.65 | 0.43 | 26 | 3 | 0.42 | 179 | - | 15 |
| 152 | 64.6 | L | 1.67 | 1.83 | 54 | 20 | 0.0 | 71 | - | 6 |
| 153 | 64.84 | R | 1.29 | 0.22 | 26 | 4 | 0.1 | 29 | - | 2 |
| 154 | 65.07 | L | 2.66 | 1.52 | 55 | 23 | 0.0 | 66 | - | 5 |
| 155 | 65.5 | R | 1.48 | 0.74 | 34 | 36 | 1.01 | 725 | 12 | 60 |
| 156 | 66.1 | R | 2.38 | 0.39 | 52 | 29 | 0.31 | 230 | - | 19 |
| 157 | 66.13 | L | 1.54 | 0.05 | 50 | 15 | 0.28 | 145 | - | 12 |
| 158 | 66.57 | R | 1.41 | 0.02 | 42 | 8 | 0.69 | 463 | - | 39 |
old detector fired 70 times; fast movements 158
