20.113 1 0.07 0.28 true 19.571 []
20.147 1 0.06 0.28 true 19.571 []
20.180 1 -0.04 0.27 true 19.571 []
20.213 1 -0.25 0.25 true 19.571 []
20.247 1 -0.35 0.24 true 19.571 []
20.280 1 -0.37 0.23 true 19.571 []
20.313 1 -0.22 0.24 true 19.571 []
20.346 1 -0.04 0.24 true 19.571 []
20.380 1 0.53 0.32 true 19.571 []
20.413 1 0.60 0.29 true 19.571 []
20.446 1 0.98 0.37 true 19.571 []
20.480 1 1.10 0.39 true 19.571 []
20.513 1 1.13 0.46 true 19.571 [ 1 ]
20.546 1 1.36 0.48 false 20.803 []
20.580 1 0.89 0.48 false 20.803 []
20.613 1 0.28 0.43 false 20.803 []
20.646 1 -0.61 0.38 false 20.803 []
20.679 1 -1.06 0.35 true 20.803 []
20.713 1 -1.35 0.29 true 20.803 []
20.746 1 -1.11 0.29 true 20.803 []
20.779 1 -0.78 0.28 true 20.803 []
20.813 1 -0.52 0.27 true 20.803 []
20.846 1 -0.15 0.28 true 20.803 []
20.879 1 -0.05 0.28 true 20.803 []
20.913 1 0.01 0.28 true 20.803 []
20.946 1 0.01 0.27 true 20.803 []
20.979 1 -0.04 0.27 true 20.803 []
34.233 0 0.37 0.27 true 24.965 []
34.266 0 0.10 0.25 true 24.965 []
34.299 0 0.12 0.29 true 24.965 []
34.333 0 0.23 0.30 true 24.965 []
34.366 0 0.65 0.36 true 24.965 []
34.399 0 1.17 0.41 true 24.965 [ 0 ]
34.432 0 1.20 0.43 false 34.689 []
34.466 0 1.29 0.48 false 34.689 []
34.499 0 1.11 0.51 false 34.689 []
34.532 0 0.67 0.49 false 34.689 []
34.566 0 0.52 0.51 false 34.689 []
34.599 0 -0.60 0.38 false 34.689 []
34.632 0 -0.83 0.43 true 34.689 []
34.666 0 -1.00 0.36 true 34.689 []
34.699 0 -1.12 0.33 true 34.689 []
34.732 0 -0.70 0.31 true 34.689 []
34.765 0 -0.94 0.30 true 34.689 []
34.799 0 -0.62 0.28 true 34.689 []
34.832 0 -0.49 0.26 true 34.689 []
34.865 0 -0.38 0.26 true 34.689 []
34.899 0 -0.23 0.27 true 34.689 []
34.932 0 -0.12 0.25 true 34.689 []
34.965 0 -0.03 0.26 true 34.689 []
34.999 0 -0.12 0.24 true 34.689 []
60.107 1 -0.55 0.39 true 60.230 []
60.140 1 0.98 0.49 true 60.230 []
60.174 1 1.91 0.53 true 60.230 []
60.207 1 1.12 0.43 true 60.230 []
60.240 1 -0.73 0.29 true 60.230 []
60.273 1 -1.86 0.30 true 60.230 []
60.307 1 -1.72 0.31 true 60.230 []
60.340 1 -0.07 0.41 true 60.230 []
60.373 1 1.83 0.54 true 60.230 [ 1 ]
60.407 1 2.00 0.51 false 60.663 []
60.440 1 0.88 0.40 false 60.663 []
60.473 1 -0.94 0.32 false 60.663 []
60.507 1 -1.87 0.33 true 60.663 []
60.540 1 -1.19 0.35 true 60.663 []
60.573 1 0.43 0.46 true 60.663 []
60.606 1 1.70 0.54 true 60.663 []
60.640 1 1.17 0.43 true 60.663 []
60.673 1 -0.19 0.34 true 60.663 []
60.706 1 -1.40 0.33 true 60.663 []
60.740 1 -1.53 0.34 true 60.663 []
60.773 1 0.11 0.45 true 60.663 []
60.806 1 1.69 0.56 true 60.663 [ 1 ]
60.840 1 2.04 0.56 false 61.096 []
60.873 1 0.96 0.44 false 61.096 []
60.906 1 -0.98 0.34 false 61.096 []
60.939 1 -1.86 0.35 true 61.096 []
60.973 1 -1.20 0.40 true 61.096 []
62.505 1 -0.07 0.21 true 61.829 []
62.538 1 0.07 0.23 true 61.829 [ 0 ]
62.571 1 0.01 0.22 true 61.829 []
62.604 1 -0.20 0.19 true 61.829 []
62.638 1 -0.44 0.16 true 61.829 []
62.671 1 -0.38 0.20 true 61.829 []
62.704 1 0.06 0.22 true 61.829 []
62.738 1 0.21 0.19 true 61.829 []
62.771 1 0.43 0.23 true 61.829 []
62.804 1 0.15 0.22 true 61.829 []
62.838 1 -0.07 0.19 true 61.829 []
62.871 1 0.13 0.23 true 61.829 []
62.904 1 1.01 0.39 true 61.829 []
62.938 1 1.69 0.40 true 61.829 []
62.971 1 1.08 0.29 true 61.829 []
63.004 1 -0.07 0.27 true 61.829 []
63.037 1 -1.16 0.26 true 61.829 []
63.071 1 -0.99 0.25 true 61.829 []
63.104 1 -0.49 0.22 true 61.829 []
63.137 1 -0.33 0.24 true 61.829 []
63.171 1 0.01 0.27 true 61.829 []
63.204 1 0.07 0.23 true 61.829 []
63.237 1 0.12 0.24 true 61.829 []
63.271 1 0.08 0.27 true 61.829 [ 0 ]
