  crop primed after 1351 frames: [48.1565055847168, 58.65515899658203, 640.9737548828125, 481.3448181152344] -> [111.92716979980469, 1.0451148748397827, 634.6827392578125, 538.9548950195312]
  NLF 10s
  NLF 20s
  NLF 30s
  NLF 40s
  NLF 50s
  NLF 60s
2016 poses, 67.1 s
| n | t | hand | wristPeak_ms | armExt_ms | reach_cm | travel_cm | body_ms | forceN | oldPct | newPct |
|---|---|---|---|---|---|---|---|---|---|---|
| 1 | 0.47 | R | 2.27 | 0.22 | 54 | 18 | 0.99 | 659 | 24 | 55 |
| 2 | 0.63 | L | 2.46 | 0.24 | 47 | 57 | 2.53 | 1730 | 7 | 100 |
| 3 | 0.83 | R | 1.87 | -0.09 | 42 | 0 | 1.46 | 1033 | - | 86 |
| 4 | 5.03 | L | 2.44 | 1.88 | 50 | 36 | 0.57 | 333 | 100 | 28 |
| 5 | 5.66 | L | 2.1 | 1.72 | 48 | 27 | 0.18 | 289 | 89 | 24 |
| 6 | 6.19 | L | 1.85 | 1.76 | 49 | 24 | 0.34 | 230 | 97 | 19 |
| 7 | 6.76 | L | 1.92 | 1.78 | 49 | 24 | 0.26 | 238 | 91 | 20 |
| 8 | 7.29 | L | 1.66 | 1.65 | 50 | 27 | 0.27 | 221 | 100 | 18 |
| 9 | 7.83 | L | 1.88 | 1.54 | 46 | 23 | 0.28 | 226 | 100 | 19 |
| 10 | 8.19 | L | 1.37 | 0.34 | 35 | 14 | 0.6 | 321 | - | 27 |
| 11 | 8.19 | R | 2.41 | 1.87 | 50 | 26 | 0.82 | 369 | 100 | 31 |
| 12 | 8.52 | R | 1.47 | 0.75 | 50 | 28 | 0.33 | 219 | - | 18 |
| 13 | 8.69 | L | 1.79 | 1.72 | 50 | 19 | 0.38 | 204 | - | 17 |
| 14 | 8.89 | R | 1.24 | 0.39 | 32 | 10 | 0.75 | 486 | - | 40 |
| 15 | 9.19 | L | 2.33 | 0.06 | 35 | 12 | 0.27 | 156 | - | 13 |
| 16 | 9.22 | R | 2.09 | 1.83 | 50 | 29 | 0.87 | 329 | 100 | 27 |
| 17 | 9.62 | L | 1.52 | 1.58 | 52 | 22 | 0.61 | 230 | - | 19 |
| 18 | 9.66 | R | 1.54 | 0.21 | 35 | 12 | 0.82 | 515 | - | 43 |
| 19 | 10.06 | L | 1.87 | 0.1 | 35 | 2 | 0.54 | 299 | - | 25 |
| 20 | 10.16 | R | 2.44 | 1.95 | 52 | 30 | 0.81 | 329 | 69 | 27 |
| 21 | 10.39 | L | 1.36 | 0.39 | 40 | 20 | 0.69 | 463 | 84 | 39 |
| 22 | 10.89 | L | 1.29 | 1.71 | 50 | 27 | 0.49 | 248 | - | 21 |
| 23 | 14.62 | R | 3.48 | 2.11 | 51 | 58 | 1.67 | 601 | 100 | 50 |
| 24 | 14.65 | L | 3.67 | 0.75 | 30 | 23 | 0.2 | 189 | - | 16 |
| 25 | 14.99 | R | 1.66 | 0.13 | 48 | 60 | 0.64 | 297 | - | 25 |
| 26 | 15.92 | R | 3.23 | 1.94 | 52 | 57 | 1.37 | 570 | 100 | 47 |
| 27 | 15.98 | L | 1.71 | 1.01 | 35 | 22 | 0.09 | 159 | 52 | 13 |
| 28 | 17.02 | R | 3.33 | 1.75 | 49 | 57 | 1.42 | 551 | 100 | 46 |
| 29 | 17.05 | L | 3.07 | 0.57 | 29 | 24 | 0.4 | 236 | - | 20 |
| 30 | 17.42 | R | 1.47 | 0.03 | 26 | 12 | 0.83 | 499 | - | 42 |
| 31 | 18.08 | L | 1.49 | 0.81 | 32 | 24 | 0.29 | 305 | - | 25 |
| 32 | 18.12 | R | 4.02 | 1.81 | 48 | 67 | 1.74 | 672 | 100 | 56 |
| 33 | 18.48 | R | 1.69 | 0.36 | 46 | 67 | 0.9 | 318 | - | 27 |
| 34 | 19.21 | L | 1.48 | 0.79 | 32 | 27 | 0.52 | 324 | - | 27 |
| 35 | 19.28 | R | 3.77 | 2.01 | 49 | 63 | 2.0 | 714 | 100 | 59 |
| 36 | 19.65 | R | 2.09 | 0.2 | 47 | 67 | 0.65 | 436 | - | 36 |
| 37 | 20.38 | L | 1.52 | 0.79 | 32 | 20 | 0.48 | 234 | - | 20 |
| 38 | 20.45 | R | 4.62 | 1.36 | 43 | 62 | 1.54 | 839 | 100 | 70 |
| 39 | 20.78 | R | 2.0 | 1.25 | 48 | 71 | 1.27 | 556 | - | 46 |
| 40 | 21.91 | L | 1.24 | 0.93 | 38 | 22 | 0.09 | 141 | 78 | 12 |
| 41 | 22.04 | R | 3.21 | 1.79 | 49 | 53 | 1.0 | 546 | 100 | 46 |
| 42 | 22.24 | L | 3.01 | 0.93 | 38 | 22 | 0.09 | 141 | - | 12 |
| 43 | 22.94 | R | 3.59 | 2.09 | 50 | 62 | 1.68 | 609 | 100 | 51 |
| 44 | 23.01 | L | 3.29 | 0.73 | 29 | 16 | 0.33 | 202 | - | 17 |
| 45 | 23.94 | L | 3.17 | 1.94 | 49 | 46 | 1.2 | 598 | 100 | 50 |
| 46 | 24.01 | R | 1.37 | 0.59 | 23 | 17 | 0.58 | 318 | - | 26 |
| 47 | 24.54 | L | 1.72 | 0.48 | 40 | 50 | 1.69 | 841 | 71 | 70 |
| 48 | 24.68 | R | 3.63 | 1.41 | 36 | 40 | 1.4 | 1173 | 100 | 98 |
| 49 | 24.98 | L | 2.21 | 1.66 | 52 | 62 | 1.52 | 491 | - | 41 |
| 50 | 30.67 | L | 1.55 | 0.31 | 22 | 15 | 0.75 | 356 | - | 30 |
| 51 | 30.8 | R | 8.11 | 1.79 | 51 | 52 | 1.28 | 869 | 71 | 72 |
| 52 | 31.17 | L | 1.48 | 0.68 | 28 | 18 | 0.04 | 79 | - | 7 |
| 53 | 31.27 | R | 1.57 | 0.24 | 28 | 18 | 0.9 | 428 | - | 36 |
| 54 | 31.7 | R | 1.55 | 0.25 | 23 | 9 | 0.01 | 52 | - | 4 |
| 55 | 31.87 | L | 1.74 | 0.2 | 21 | 16 | 1.0 | 560 | - | 47 |
| 56 | 32.13 | R | 8.07 | 1.63 | 48 | 32 | 0.53 | 431 | 82 | 36 |
| 57 | 32.33 | L | 3.28 | 1.7 | 37 | 31 | 0.38 | 488 | 60 | 41 |
| 58 | 32.5 | R | 1.86 | 0.35 | 31 | 24 | 0.39 | 367 | - | 31 |
| 59 | 32.73 | L | 1.28 | 0.37 | 23 | 20 | 0.4 | 172 | - | 14 |
| 60 | 32.87 | R | 1.74 | 0.06 | 24 | 14 | 0.38 | 377 | - | 31 |
| 61 | 33.2 | L | 2.39 | 0.35 | 24 | 19 | 1.19 | 717 | - | 60 |
| 62 | 33.33 | R | 7.59 | 1.68 | 48 | 27 | 0.17 | 412 | 45 | 34 |
| 63 | 33.53 | L | 3.09 | 1.49 | 38 | 33 | 0.28 | 285 | 100 | 24 |
| 64 | 33.7 | R | 1.4 | -0.03 | 27 | 0 | 0.42 | 125 | - | 10 |
| 65 | 33.87 | L | 1.37 | 0.5 | 25 | 27 | 0.19 | 227 | - | 19 |
| 66 | 34.37 | L | 3.11 | 1.29 | 48 | 56 | 0.29 | 402 | 100 | 33 |
| 67 | 34.4 | R | 1.41 | 0.38 | 27 | 13 | 0.27 | 152 | - | 13 |
| 68 | 34.73 | L | 3.42 | 1.11 | 51 | 57 | 0.52 | 580 | - | 48 |
| 69 | 34.83 | R | 1.99 | 0.61 | 20 | 14 | 0.34 | 330 | - | 27 |
| 70 | 35.07 | L | 1.6 | -0.02 | 26 | 5 | 0.41 | 171 | - | 14 |
| 71 | 35.36 | R | 8.12 | 1.86 | 54 | 58 | 0.48 | 601 | 48 | 50 |
| 72 | 35.46 | L | 1.57 | 0.25 | 23 | 30 | 0.69 | 457 | 100 | 38 |
| 73 | 35.7 | R | 2.91 | 0.46 | 28 | 20 | 1.06 | 409 | 100 | 34 |
| 74 | 35.93 | L | 8.37 | 1.42 | 42 | 43 | 0.15 | 486 | 100 | 40 |
| 75 | 36.1 | R | 3.24 | 1.19 | 33 | 36 | 0.25 | 337 | - | 28 |
| 76 | 36.33 | L | 2.61 | 0.13 | 24 | 33 | 1.86 | 599 | - | 50 |
| 77 | 36.6 | R | 7.51 | 1.7 | 47 | 56 | 0.86 | 695 | 88 | 58 |
| 78 | 36.7 | L | 2.74 | 0.59 | 41 | 54 | 0.39 | 425 | 100 | 35 |
| 79 | 37.0 | R | 3.08 | 0.56 | 31 | 17 | 0.97 | 475 | 72 | 40 |
| 80 | 37.13 | L | 8.72 | 1.54 | 46 | 52 | 0.4 | 702 | 100 | 59 |
| 81 | 37.36 | R | 2.0 | 0.53 | 38 | 21 | 0.37 | 366 | 100 | 31 |
| 82 | 37.46 | L | 2.47 | 0.48 | 28 | 27 | 1.92 | 757 | - | 63 |
| 83 | 37.73 | R | 7.33 | 1.57 | 48 | 60 | 1.13 | 770 | 100 | 64 |
| 84 | 37.8 | L | 3.35 | 0.48 | 28 | 27 | 1.92 | 757 | 17 | 63 |
| 85 | 38.13 | R | 3.13 | 0.46 | 31 | 16 | 0.78 | 308 | - | 26 |
| 86 | 38.26 | L | 8.41 | 1.01 | 45 | 56 | 0.29 | 640 | - | 53 |
| 87 | 38.5 | R | 2.73 | 1.17 | 28 | 18 | 0.07 | 114 | - | 10 |
| 88 | 39.79 | R | 1.57 | 0.79 | 35 | 14 | 0.48 | 397 | 32 | 33 |
| 89 | 39.83 | L | 1.34 | 0.61 | 33 | 14 | 0.47 | 246 | 64 | 21 |
| 90 | 43.69 | L | 2.48 | 1.21 | 36 | 47 | 0.92 | 709 | 95 | 59 |
| 91 | 43.69 | R | 1.51 | 0.48 | 30 | 14 | 0.55 | 435 | - | 36 |
| 92 | 44.16 | L | 2.42 | 1.22 | 47 | 30 | 0.61 | 558 | 85 | 46 |
| 93 | 44.16 | R | 2.15 | 2.08 | 52 | 117 | 1.94 | 1392 | - | 100 |
| 94 | 44.52 | L | 1.75 | 0.03 | 25 | 12 | 1.01 | 558 | - | 46 |
| 95 | 44.66 | R | 1.48 | 0.04 | 28 | 14 | 1.21 | 745 | - | 62 |
| 96 | 45.69 | L | 3.72 | 1.86 | 48 | 59 | 1.31 | 1087 | 100 | 91 |
| 97 | 45.72 | R | 4.0 | 1.97 | 41 | 31 | 0.17 | 306 | 100 | 25 |
| 98 | 46.05 | L | 2.72 | 0.13 | 28 | 6 | 0.79 | 587 | - | 49 |
| 99 | 46.12 | R | 2.25 | 2.05 | 50 | 92 | 1.61 | 893 | 71 | 74 |
| 100 | 46.59 | L | 1.48 | 0.03 | 23 | 12 | 0.46 | 225 | - | 19 |
| 101 | 46.72 | R | 1.66 | -0.09 | 23 | 0 | 0.91 | 524 | - | 44 |
| 102 | 47.09 | L | 2.63 | 1.56 | 44 | 37 | 0.63 | 609 | 71 | 51 |
| 103 | 47.12 | R | 1.65 | 0.76 | 36 | 31 | 0.12 | 296 | 100 | 25 |
| 104 | 47.42 | L | 1.4 | 0.15 | 27 | 8 | 0.32 | 71 | - | 6 |
| 105 | 47.69 | R | 2.92 | 1.16 | 50 | 101 | 1.28 | 719 | 100 | 60 |
| 106 | 47.89 | L | 1.59 | -0.04 | 21 | 0 | 0.6 | 285 | - | 24 |
| 107 | 48.02 | R | 1.92 | 0.16 | 28 | 14 | 1.28 | 713 | - | 59 |
| 108 | 48.32 | L | 3.62 | 1.1 | 36 | 29 | 0.55 | 490 | 62 | 41 |
| 109 | 48.35 | R | 5.19 | 1.77 | 51 | 91 | 1.46 | 768 | 100 | 64 |
| 110 | 48.78 | R | 2.36 | -0.21 | 26 | 0 | 1.09 | 637 | - | 53 |
| 111 | 49.75 | L | 1.4 | 0.12 | 23 | 8 | 0.47 | 284 | - | 24 |
| 112 | 49.92 | R | 1.29 | 0.3 | 29 | 16 | 0.92 | 752 | - | 63 |
| 113 | 50.08 | L | 3.26 | 2.39 | 50 | 65 | 1.61 | 574 | 100 | 48 |
| 114 | 50.28 | R | 3.76 | 0.69 | 30 | 53 | 0.53 | 316 | - | 26 |
| 115 | 50.42 | L | 1.64 | 0.88 | 39 | 38 | 1.31 | 840 | 100 | 70 |
| 116 | 50.68 | R | 1.66 | 0.38 | 21 | 16 | 0.43 | 283 | - | 24 |
| 117 | 50.75 | L | 4.57 | 2.54 | 52 | 41 | 1.11 | 500 | - | 42 |
| 118 | 51.08 | R | 3.49 | 0.21 | 21 | 15 | 0.47 | 275 | - | 23 |
| 119 | 51.25 | L | 4.63 | 2.89 | 53 | 47 | 0.92 | 613 | 100 | 51 |
| 120 | 51.55 | R | 1.5 | 0.18 | 24 | 13 | 0.35 | 129 | - | 11 |
| 121 | 51.68 | L | 4.79 | 2.39 | 50 | 59 | 1.11 | 664 | 100 | 55 |
| 122 | 52.08 | L | 4.51 | 2.19 | 47 | 53 | 0.87 | 696 | 100 | 58 |
| 123 | 52.25 | R | 1.85 | 0.21 | 24 | 15 | 0.86 | 580 | - | 48 |
| 124 | 52.45 | L | 2.14 | 2.34 | 49 | 49 | 0.62 | 454 | 100 | 38 |
| 125 | 52.61 | R | 2.43 | 0.75 | 33 | 18 | 0.41 | 236 | 100 | 20 |
| 126 | 52.85 | L | 4.17 | 1.63 | 42 | 30 | 0.12 | 307 | - | 26 |
| 127 | 53.01 | R | 2.67 | 2.05 | 54 | 90 | 1.62 | 780 | 100 | 65 |
| 128 | 53.35 | R | 2.35 | -0.36 | 44 | 39 | 1.33 | 916 | - | 76 |
| 129 | 53.48 | L | 1.42 | -0.0 | 27 | 1 | 0.42 | 184 | - | 15 |
| 130 | 54.85 | L | 1.25 | 0.49 | 33 | 17 | 0.19 | 148 | 29 | 12 |
| 131 | 58.04 | R | 1.59 | 1.07 | 40 | 37 | 0.32 | 192 | 48 | 16 |
| 132 | 58.74 | L | 2.16 | 0.16 | 26 | 21 | 1.75 | 1203 | - | 100 |
| 133 | 58.74 | R | 1.29 | 2.27 | 53 | 13 | 0.08 | 45 | 100 | 4 |
| 134 | 59.11 | R | 2.48 | 1.77 | 53 | 28 | 0.0 | 129 | - | 11 |
| 135 | 59.24 | L | 1.73 | 0.15 | 24 | 13 | 1.23 | 838 | - | 70 |
| 136 | 59.47 | R | 1.85 | 1.93 | 52 | 15 | 0.0 | 46 | - | 4 |
| 137 | 59.81 | L | 1.27 | 0.26 | 25 | 11 | 1.05 | 686 | - | 57 |
| 138 | 59.81 | R | 1.67 | 1.94 | 52 | 18 | 0.01 | 88 | - | 7 |
| 139 | 60.17 | L | 1.32 | 0.24 | 25 | 12 | 1.12 | 770 | - | 64 |
| 140 | 60.17 | R | 1.52 | 2.02 | 55 | 24 | 0.0 | 75 | - | 6 |
| 141 | 60.61 | R | 1.97 | 1.99 | 51 | 19 | 0.03 | 106 | - | 9 |
| 142 | 60.71 | L | 1.22 | 0.12 | 25 | 4 | 0.74 | 446 | - | 37 |
| 143 | 61.04 | L | 1.71 | 0.11 | 24 | 16 | 1.64 | 1115 | - | 93 |
| 144 | 61.04 | R | 1.79 | 2.04 | 56 | 20 | 0.0 | 74 | - | 6 |
| 145 | 61.37 | R | 2.41 | 2.2 | 56 | 23 | 0.0 | 113 | - | 9 |
| 146 | 61.41 | L | 1.62 | 0.12 | 25 | 11 | 1.11 | 711 | - | 59 |
| 147 | 61.74 | R | 2.62 | 2.12 | 56 | 23 | 0.07 | 130 | - | 11 |
| 148 | 62.54 | L | 2.48 | 1.96 | 50 | 32 | 0.81 | 282 | 99 | 24 |
| 149 | 62.7 | R | 1.4 | 0.42 | 23 | 5 | 0.0 | 28 | 100 | 2 |
| 150 | 63.04 | R | 2.72 | 1.68 | 40 | 34 | 0.85 | 717 | 100 | 60 |
| 151 | 63.14 | L | 1.49 | 0.66 | 45 | 12 | 0.03 | 19 | - | 2 |
| 152 | 63.54 | L | 1.44 | 1.13 | 45 | 9 | 0.0 | 36 | - | 3 |
| 153 | 63.64 | R | 1.51 | 0.19 | 25 | 6 | 0.82 | 440 | - | 37 |
| 154 | 63.87 | L | 1.81 | 1.54 | 53 | 16 | 0.0 | 63 | - | 5 |
| 155 | 64.24 | L | 2.02 | 1.62 | 54 | 21 | 0.0 | 80 | - | 7 |
| 156 | 64.5 | R | 1.68 | 0.42 | 26 | 3 | 0.44 | 188 | - | 16 |
| 157 | 64.6 | L | 1.67 | 1.83 | 54 | 20 | 0.0 | 71 | - | 6 |
| 158 | 64.84 | R | 1.28 | 0.22 | 26 | 4 | 0.1 | 28 | - | 2 |
| 159 | 65.07 | L | 2.66 | 1.52 | 55 | 23 | 0.0 | 66 | - | 6 |
| 160 | 65.5 | R | 1.48 | 0.74 | 34 | 36 | 1.0 | 721 | 12 | 60 |
| 161 | 66.1 | R | 2.37 | 0.39 | 52 | 30 | 0.31 | 232 | - | 19 |
| 162 | 66.13 | L | 1.54 | 0.05 | 50 | 15 | 0.28 | 147 | - | 12 |
| 163 | 66.57 | R | 1.41 | 0.02 | 42 | 8 | 0.68 | 458 | - | 38 |
old detector fired 73 times; fast movements 163
